1 <class> 0 0
10 <class> 50.45573927906776 14.37975191589179
100 <class> 0 0
101 <class> 0 0
102 <class> 0 0
104 <class> 0 0
106 <class> 0 0
107 <class> 50.4554165215265 14.379829659783853
108 <class> 50.455490392840105 14.379892015296097
11 <class> 50.455711671181 14.379891262922719
110 <class> 0 0
111 <class> 0 0
112 <class> 0 0
116 <class> 0 0
117 <class> 0 0
12 <class> 50.455735994983904 14.379843913261883
120 <class> 0 0
121 <class> 0 0
122 <class> 0 0
126 <class> 0 0
127 <class> 50.45522525544247 14.379163515245205
128 <class> 0 0
13 <class> 50.45565844336126 14.379667431445297
132 <class> 0 0
14 <class> 0 0
141 <class> 0 0
143 <class> 50.4554374329284 14.378843944978366
145 <class> 0 0
147 <class> 0 0
15 <class> 0 0
150 <class> 0 0
154 <class> 0 0
156 <class> 0 0
157 <class> 50.454923722150696 14.378351718570793
159 <class> 50.4546019194897 14.378535871946989
16 <class> 0 0
160 <class> 50.45490790525936 14.378454808478907
161 <class> 50.454988538552776 14.37829849097917
162 <class> 50.45503593957409 14.378394840902793
163 <class> 0 0
165 <class> 0 0
166 <class> 0 0
168 <class> 50.454590361347584 14.378205592553078
169 <class> 0 0
17 <class> 0 0
172 <class> 0 0
173 <class> 0 0
174 <class> 0 0
175 <class> 0 0
177 <class> 50.45446947281666 14.378075296103848
18 <class> 0 0
181 <class> 50.45466471163847 14.378228248517303
182 <class> 0 0
183 <class> 50.45445782448159 14.378127853810785
184 <class> 50.454536524200385 14.378067053098226
185 <class> 50.45440893575346 14.37799339112359
186 <class> 0 0
187 <class> 50.454361757322864 14.377931869727623
188 <class> 50.454426339748785 14.378061992641047
189 <class> 50.45454216153838 14.378045493244128
19 <class> 0 0
190 <class> 50.454422251151726 14.377959811108465
191 <class> 0 0
194 <class> 50.45429568550679 14.377847146086125
195 <class> 0 0
198 <class> 0 0
199 <class> 0 0
2 <class> 50.45576252431585 14.379794180675447
20 <class> 50.45570144738658 14.379893451496415
200 <class> 0 0
201 <class> 50.45427906366225 14.377747377608818
202 <class> 0 0
203 <class> 0 0
205 <class> 50.45426262408312 14.377910516536588
209 <class> 50.45416977653504 14.377873218860833
21 <class> 0 0
210 <class> 0 0
212 <class> 50.45398196040098 14.377888288766936
214 <class> 0 0
216 <class> 50.45420989451421 14.377696841992796
217 <class> 0 0
218 <class> 50.454314723068016 14.377830800137167
22 <class> 50.455507646465165 14.380126685637547
222 <class> 0 0
223 <class> 0 0
24 <class> 50.45549816137701 14.38009071790263
25 <class> 0 0
28 <class> 50.455804212001496 14.379947435536138
29 <class> 50.455734608993396 14.379860470459791
3 <class> 0 0
30 <class> 0 0
31 <class> 0 0
32 <class> 50.45572974198966 14.379837558799379
33 <class> 0 0
34 <class> 0 0
37 <class> 0 0
38 <class> 0 0
39 <class> 50.4557088730438 14.379849690701507
4 <class> 50.45569055036057 14.3797543195235
46 <class> 50.45575942338604 14.379926416645171
48 <class> 0 0
5 <class> 0 0
52 <class> 50.45573118518431 14.380007995526077
53 <class> 50.45574137206774 14.379974785727574
54 <class> 50.455719709260926 14.379870075959591
57 <class> 50.45573610493335 14.379832633370354
58 <class> 50.45572678736144 14.379854201331696
6 <class> 50.45563158585266 14.380009964802037
61 <class> 0 0
64 <class> 0 0
67 <class> 0 0
68 <class> 50.45565675811531 14.379691057255119
69 <class> 0 0
7 <class> 50.45584250163577 14.37969160521432
70 <class> 50.45576554304916 14.379896893889509
72 <class> 50.45574380647102 14.379817290713902
73 <class> 0 0
74 <class> 50.45575570366675 14.379897878212013
76 <class> 50.45574380573683 14.379872507039005
77 <class> 50.455648750344864 14.379674348839968
8 <class> 0 0
80 <class> 50.45572868638289 14.379815820779019
83 <class> 0 0
84 <class> 50.455732759565294 14.379808132320148
85 <class> 0 0
86 <class> 50.45555512457223 14.379744062377256
87 <class> 0 0
88 <class> 0 0
9 <class> 0 0
90 <class> 0 0
91 <class> 50.45553772825697 14.379754260225681
92 <class> 50.455374279208144 14.379896882890383
93 <class> 0 0
94 <class> 50.45555482518093 14.379905564252505
95 <class> 50.45557690571705 14.379993088211318
96 <class> 0 0
99 <class> 0 0
